16660
16659
16661
16662
44
51
74
77
110
225
126
135
166
237
245
255
261
277
281
285
293
297
418
739
448
490
500
501
502
480
486
487
544
608
555
583
617
636
641
659
727
644
645
647
648
686
689
682
768
753
762
723
724
809
852
804
810
813
815
818
820
787
789
791
792
793
794
796
832
871
872
884
889
892
895
896
899
900
901
955
956
957
1002
1265
1014
1019
1020
1064
1414
1111
1116
1198
1126
1142
1160
1147
1173
1177
1322
1166
1213
1305
1262
1263
1274
1280
1366
1385
1386
1401
1471
1458
1461
1982
1501
1504
1510
1512
1518
1577
2035
1522
1555
1565
1573
1578
1581
1585
1639
1642
1644
2057
1609
1608
1615
1628
1630
1673
1684
1823
1916
1808
1809
1828
1831
1849
1853
1863
1864
1919
1920
1949
1962
1968
2079
2092
2163
2111
2108
2145
2146
2199
2343
2458
2461
2632
2633
2634
2637
2638
2639
2640
2641
2562
2483
2484
2485
2566
2709
2781
2785
2836
3474
2855
2859
2866
2875
2915
2947
2964
2956
3512
3513
3538
3566
3598
3604
3633
3635
4391
3729
4134
4138
4085
4089
4099
4110
4240
4528
4530
4532
4534
4552
4617
4678
4718
4722
4731
4753
4761
4827
4836
4843
4844
4982
4983
5025
4995
5055
5121
5953
5954
5961
5962
5964
5984
5985
5489
5805
5603
5639
5653
5660
5677
5937
5940
5941
5858
5952
6297
6298
6299
6301
6302
6304
6367
6378
6401
6584
6453
6508
9524
9525
6540
6542
6546
6579
6830
6860
7106
7125
7251
7154
7214
7332
7242
7252
7294
7379
7383
7384
7534
7538
7558
7615
10621
7711
7718
7851
7852
7934
8103
8106
8140
8193
8188
8230
8235
8243
8250
8256
8260
8266
8274
8282
8296
8382
8595
8596
8597
8598
8599
8592
8593
8594
8401
8410
8412
8499
8500
8502
8513
8543
8562
8581
8582
8590
8612
8642
8630
8632
8635
8638
8778
8779
8781
8721
8731
8734
8758
8860
8838
8876
8875
8874
8869
8877
8878
8861
9002
9025
9037
9048
9050
9054
9199
9201
9206
9207
9211
9302
9303
9257
9316
9338
9374
9375
9373
9392
9495
9494
9509
9918
9919
9920
9921
9709
9708
9657
9658
9659
9692
9817
9819
9820
9822
9823
9824
9825
9720
9721
9931
9956
10027
10023
10151
10198
10203
10204
10214
10215
10216
10217
10223
10224
10225
10228
10229
10231
10237
10245
10246
10253
10273
10280
10281
10373
10377
10383
10384
10381
10343
10342
10385
10388
10437
10563
10564
10565
10566
10567
10569
10570
10571
10496
10568
10629
10632
10892
10698
10734
11383
11385
11386
11387
10753
10754
10755
10756
10757
10758
10759
10776
10785
10791
10814
10815
10816
10818
10819
10820
10821
10822
10845
10917
10918
10919
10920
10921
10922
10923
10924
10926
10927
10928
10929
10930
10931
10932
10933
10934
10935
10936
10937
10938
10939
10837
10893
10963
10965
10966
10967
10968
10969
10940
10941
10942
10943
10944
10945
10946
10925
10970
10971
11000
11115
11013
11014
11015
11016
11017
11018
11019
11020
11021
11022
11023
11024
11033
11057
11127
11164
11185
11301
11290
11294
11312
11319
11380
11381
11382
11384
11393
11452
12585
11616
12595
12132
12133
12134
12113
12250
12506
12590
13123
13124
13125
13126
13127
13128
12373
12378
12379
12380
12417
12419
12442
12451
12588
12848
12849
12850
12851
12852
12592
12884
12892
13192
13193
12861
12874
12875
12877
12901
12902
12904
12905
12906
12907
12908
12909
12910
13207
13208
12953
12954
12955
12956
12957
12959
13358
12966
13016
13038
13215
13216
13239
13240
13396
13296
13298
13301
13305
13317
13327
13331
13332
13335
13337
13339
13340
13343
13363
13395
13437
13429
13431
13411
13413
13414
13415
13416
13446
13453
13454
13455
13456
13457
13458
13459
13460
13461
13462
13467
13569
13472
13473
13485
13598
13505
13516
13530
13532
13533
13534
13537
13538
13539
13540
13566
14912
13628
13632
14170
13980
13798
13802
13803
13800
13799
13811
13832
14177
14181
14182
14965
14286
14278
14367
14387
14396
14470
14493
14494
14492
14495
14496
14497
14498
14499
14500
14787
14788
14790
14829
14891
14846
14847
14848
14849
14850
14851
14852
14853
14854
14855
14856
14857
14858
14860
14861
14862
14863
14880
14874
15543
14913
14917
14966
15472
15471
15522
15524
15525
15528
15492
15494
15495
15493
15617
15620
15551
15733
15734
15735
15730
15731
15732
16641
16642
15655
15713
15716
15717
16127
15862
15866
15869
15848
15850
15853
15791
15792
15793
15796
15797
15798
16650
16651
16652
16070
16183
16184
16185
16186
16190
16191
16148
16478
16379
16189
16193
16460
16461
16331
16332
16336
16338
16343
16495
16367
16370
16376
16575
16462
16466
16759
16697
17088
16710
16711
16712
16714
16719
16741
16742
16743
16766
16849
16851
16852
17014
17065
17106
17107
17108
17109
17110
17111
17112
17099
17199
17368
17482
17528
17779
17565
17571
17575
17584
17589
17602
17603
17604
17709
18054
17765
18006
18133
18137
18107
18231
18233
18325
18326
18327
18573
18580
18691
18694
18709
18710
18731
18789
18790
18955
19193
19192
19197
19199
19265
19267
19269
19272
19275
19277
19279
19280
19548
19549
19550
19674
19719
19804
19844
19850
19928
19934
19964
20000
20001
20012
20025
20036
20094
20095
20191
20192
20182
20266
20313
20358
20318
20320
20322
20327
20328
20329
20330
20331
20332
20370
20383
20384
20385
20398
20396
20447
20412
20474
20488
20490
20493
20494
20495
20496
20497
20500
20501
20504
20505
20506
20507
20899
20900
21196
21273
21277
22314
22315
22336
22555
22577
22631
23185
23307
23378
23381
23385
23444
23447
23449
23970
23971
24069
